	        2002	2003	2004	2005	2006	2007	2008	2009	2010	2011	2012	2013	2014	20151	2002	2003	2004	2005	2006	2007	2008	2009	2010	2011	2012	2013	2014	20151
Винницкая	2707.2	3211.4	4059.7	5791.1	6980.5	8963.3	11676.4	12191.7	16018	19090.8	21734.9	23000.6	23421.7	28626.7	116.7	107.3	115.5	125.3	108.9	112.2	103.9	91.8	121.2	111.9	113	106.6	91.2	83.2
Волынская	2594	2974.1	3729.5	5254.2	6387.6	8022.6	10597.3	10966.8	14311.9	16657.7	18806.9	19804.9	20137.2	24473.5	119.9	106.9	116.1	124.7	110.9	113.6	106.3	91.5	121.1	108.7	112.6	106.4	90.8	80.8
Днепропетровская	3165.7	3701.7	4907.3	7015.9	8632.3	11439	15459.9	16386.5	20739.4	24302.4	28771.6	30300.6	32036.2	38346.2	115.2	106	121.3	126.6	110.5	111.7	107.2	90.2	114.8	107.6	115.4	105.3	94	79.4
Донецкая	3091.4	3637.6	4984	7088.9	8855.9	11625.7	16220.1	17014	21317.3	24890.3	29336.6	31048.5	26234.4	20816.8	117.6	107.9	123.2	122.2	112.1	116.6	110.9	89.1	113.4	106.6	114.2	104.3	75.4	53.8
Житомирская	2541.6	3040.5	3985.2	5568.5	6754.3	8864.5	12022.6	12179.8	15775.9	18716.4	21288	21652.1	22102.1	27029.6	119.5	111.5	118.9	119.8	110.9	117.8	107.9	88.1	118	109.4	112.9	102.4	91	80.5
Закарпатская	2072	2678.6	3444.6	4821.2	5757.7	7323.8	9664.5	9764.5	12699.6	15002.4	17191.4	17929.3	17358.1	21446.7	115.1	113.4	121.6	124.4	109.6	116.8	111.9	90.2	119.7	111.4	113.9	105.5	86.9	81.9
Запорожская	3165	3769.7	4994.4	7074.5	8693.6	11276.2	15265.2	15652.6	20221.4	23684.9	27107.6	28388.1	30181.8	35379	115.5	108.3	118.9	121.8	112.1	115.9	106.7	87.9	116.7	107.7	112.6	104.9	94.1	78.4
Ивано-Франковская	2349.1	2941.3	3780.2	5321.6	6463.4	8336	11262.8	11692.4	15009.4	17732.6	20148.4	20987.8	20356.7	25612.7	118.4	110	120.7	125.7	113.1	118.3	109.8	90.2	118.7	110.9	113.1	105	86.7	83.7
Киевская	3114.6	3521.7	4426.8	6305	7953.8	10248.8	14292.4	15024.9	19513.9	22520.1	26541.7	27390.6	28443.3	33072.2	110.8	107.5	112.7	123.6	112.9	115.3	110.7	90.5	119.8	108.4	116.4	104.2	92.3	77.5
Кировоградская	2576.6	3050	3885.5	5568.6	6672	8564.6	11489.3	11727.3	15417.7	18039.2	20553.7	21671.4	21954.1	26728.4	117.9	107.9	112.1	122.7	110	114.9	107.4	89.6	120.7	108.1	112.3	106	89.8	82.4
Луганская	2615.1	3150.6	4139	5900.9	7343.4	9620	13411	14071.6	17850	20879.9	24024.1	25590.3	19788.3	14988.3	118.7	112.1	120.6	123.1	110.9	111.5	110.2	89.4	114.6	105.7	112.3	105.4	67.6	52.3
Львовская	2741.8	3401.6	4396.1	6203.1	7394.7	9523.8	12718.3	13211.3	16513.8	19204.4	21992.3	23138.3	23595.2	28795.7	119.3	108.7	120.7	125.9	110.5	116.1	105	88.3	113.2	107.5	112.6	106.1	90.2	80
Николаевская	2771.2	3385.3	4354.7	6137.5	7318.4	9376.5	12626.5	13154.2	16993.4	20040.7	22878	23868.8	23458.5	28749.7	120.4	105.8	116.8	123.2	109.2	114.1	105.4	89.5	117	108	112.7	104.1	87.4	81.9
Одесская	2472.8	3163.9	4221.4	5883.4	7006.1	8780.8	11754.4	12404.2	16275.2	19135	22224.4	25571.8	24242	31567.6	119.2	110.5	121.9	124.4	108.8	111.6	104	90.4	118.1	107.7	113.9	115.4	83.8	85.8
Полтавская	3048.1	3560.1	4683.5	6653.5	8064.2	10382.3	13922	14742.6	17990.9	20917.4	24027.2	25371.2	26195.7	31749.3	123.7	108.2	117.7	121	108.6	112.7	104.1	91	111.1	107.2	113.1	106.1	92.2	80.7
Ровненская	2560.1	2984.8	3787.9	5344.4	6540.6	8285.6	11124.6	11316.8	14629.8	17326.2	19859.8	21165	21781	26042.2	118.4	106.3	115.9	122.9	114.2	113	107.2	88.2	119.5	110.2	114.9	108.1	91.5	78.9
Сумская	2686.3	3276.7	4141.1	5972	7459.2	9876.3	13187.2	13426.4	16875.5	19592.9	22582.3	23558.6	23938.1	29772.9	115.4	112.5	112.3	122.7	112.8	114	107.8	88.5	114.3	107.8	113.5	104.8	90.3	82
Тернопольская	2158.1	2794.6	3524.2	5032.7	6283.4	8063.5	10583	10634.2	13824.2	16351.3	18560.6	18993.8	18400.5	23241.2	117	111.9	117.5	128.1	115.3	112.9	104.5	86.9	120	109.1	112.8	103.1	86.5	83
Харьковская	2929.1	3468.9	4489.6	6355.7	7819.6	10328.5	14065.7	14633.1	18450.5	21787.8	24870	26098.2	26274	31224.3	122.6	110.8	114.5	124.2	114	115.8	105.8	87.5	114.8	109.5	112.2	106.1	89.8	79
Херсонская	2399.6	2832.3	3792	5400.5	6492.2	8374.5	11248.1	11440.3	14881.7	17654.3	19939.9	21724	20727.9	26457.6	118.6	102.2	121.8	124.1	109.6	115.9	104.1	88.2	118.1	108.1	111.3	108.9	85.2	84.6
Хмельницкая	2640.3	3075.3	4024.1	5733.3	6943.1	8965.3	11938.6	12238.2	15781	18738.2	21590.6	22789	22686.1	28339.5	117.2	107.6	117.3	124.5	112.7	112.4	103.9	88.1	116.6	109.5	113.3	105.7	88.6	83.7
Черкасская	2481.9	2961.9	3883.4	5534	6795.5	8782.7	11987.2	12517.5	15769.2	18246.3	20717.9	21633.2	21760.5	26700.3	114.6	109.4	118	122.7	112	113.3	108.5	89.5	115.1	107.7	111.1	104.4	89.3	81.5
Черновицкая	2028.6	2741.9	3607.9	5078	6078	7738	9793.2	10013.3	13503.3	15992.5	18107.5	19438.2	18475.6	23490.5	116.5	109.3	123.1	124.8	108.7	114.1	102.3	90.8	125	111.7	113	108.7	85.7	85.6
Черниговская	2769.2	3256.6	4228.7	5979.1	7201.3	9337.4	12353.4	13155.5	16625	19465	22769.6	23599.7	23093.4	27672.1	118.4	110.3	115.6	121.9	108.9	114.4	105.3	89.7	115.1	106.5	116.2	104	85.9	77.7
